273
0 2
0 92
0 95
0 96
1 2
1 89
1 94
2 0
2 1
2 91
2 92
3 4
3 90
3 91
3 113
4 3
4 5
4 90
5 4
5 51
5 87
6 109
6 115
6 121
6 122
7 9
7 115
8 9
8 117
9 7
9 8
9 120
10 121
10 122
11 12
11 123
12 11
12 118
13 14
13 153
14 13
14 128
14 137
14 149
15 135
15 137
16 17
16 134
16 267
17 16
17 98
17 139
17 140
18 135
18 138
18 143
18 144
18 147
19 20
20 19
20 21
20 106
21 20
21 86
21 106
22 99
23 24
23 147
23 150
23 157
24 23
24 269
25 158
25 162
26 165
26 169
27 170
28 172
28 173
28 174
29 172
29 173
29 256
30 182
30 189
31 32
31 196
31 265
32 31
32 33
32 205
32 206
33 32
33 205
34 198
34 200
34 202
34 265
35 43
35 203
35 220
35 221
36 37
36 219
36 225
37 36
37 38
37 215
38 37
38 214
38 217
39 68
39 208
39 217
40 70
40 195
40 209
41 42
41 68
41 208
41 209
42 41
42 68
42 208
42 209
43 35
43 76
43 221
43 222
44 238
44 261
45 78
45 223
45 224
45 240
45 261
46 232
46 234
47 75
47 218
48 54
48 230
49 88
50 51
50 90
51 5
51 50
51 87
52 53
52 57
52 246
52 253
52 254
53 52
53 54
53 57
53 61
53 246
53 253
54 48
54 53
55 57
55 229
55 253
56 226
56 227
56 228
56 229
57 52
57 53
57 55
57 253
58 238
58 240
58 241
59 244
59 245
60 233
60 235
60 236
61 53
61 62
61 77
61 246
61 248
62 61
62 77
62 248
63 166
63 171
63 172
64 256
64 257
65 173
65 257
66 175
66 260
67 174
67 175
68 39
68 41
68 42
68 69
68 208
68 209
69 68
69 214
69 217
70 40
70 195
70 209
70 213
71 210
71 213
72 210
72 211
73 74
73 211
74 73
74 227
75 47
75 216
76 43
76 222
76 229
76 251
77 61
77 62
77 233
77 248
78 45
78 224
78 225
78 229
78 240
79 80
79 179
80 79
80 179
81 82
81 193
82 81
82 210
83 165
84 238
84 242
84 272
85 199
85 220
85 221
85 222
86 21
86 108
86 116
86 117
86 154
87 5
87 51
87 93
88 49
88 89
89 1
89 88
89 94
90 3
90 4
90 50
91 2
91 3
91 92
92 0
92 2
92 91
92 112
92 113
93 87
93 97
93 113
94 1
94 89
94 95
94 102
95 0
95 94
95 96
96 0
96 95
96 109
96 112
96 268
97 93
97 98
97 100
97 268
98 17
98 97
98 99
98 101
99 22
99 98
100 97
100 101
100 111
100 118
101 98
101 100
102 94
102 104
102 110
102 114
102 116
103 104
103 105
103 107
104 102
104 103
104 107
104 108
105 103
105 106
106 20
106 21
106 105
107 103
107 104
107 108
108 86
108 104
108 107
109 6
109 96
109 110
109 111
110 102
110 109
110 114
111 100
111 109
112 92
112 96
112 113
113 3
113 92
113 93
113 112
114 102
114 110
114 115
114 116
115 6
115 7
115 114
116 86
116 102
116 114
116 117
117 8
117 86
117 116
118 12
118 100
118 139
119 127
120 9
120 121
120 124
121 6
121 10
121 120
121 125
122 6
122 10
122 123
122 124
123 11
123 122
124 120
124 122
124 125
124 130
124 131
125 121
125 124
125 126
125 129
125 130
126 125
126 127
126 128
126 129
127 119
127 126
127 128
128 14
128 126
128 127
128 136
129 125
129 126
129 130
129 136
130 124
130 125
130 129
130 131
130 132
130 136
131 124
131 130
131 132
131 270
132 130
132 131
132 133
133 132
133 134
133 135
133 136
134 16
134 133
134 138
134 267
135 15
135 18
135 133
135 137
135 138
136 128
136 129
136 130
136 133
136 137
137 14
137 15
137 135
137 136
137 145
138 18
138 134
138 135
138 267
139 17
139 118
139 141
140 17
140 141
140 142
140 267
141 139
141 140
141 142
141 148
142 140
142 141
142 143
142 269
143 18
143 142
143 144
143 147
143 269
144 18
144 143
144 145
144 146
145 137
145 144
145 146
146 144
146 145
146 147
146 149
147 18
147 23
147 143
147 146
147 157
148 141
148 176
149 14
149 146
149 157
150 23
150 151
150 157
150 158
151 150
151 152
152 151
152 161
152 166
153 13
153 154
153 156
154 86
154 153
154 155
155 154
155 156
155 159
156 153
156 155
156 157
156 158
157 23
157 147
157 149
157 150
157 156
158 25
158 150
158 156
158 159
159 155
159 158
159 162
160 180
160 269
161 152
161 162
161 164
162 25
162 159
162 161
162 163
163 162
163 164
164 161
164 163
164 165
165 26
165 83
165 164
165 184
166 63
166 152
168 169
168 171
168 183
169 26
169 168
169 170
170 27
170 169
171 63
171 168
172 28
172 29
172 63
172 174
172 181
173 28
173 29
173 65
173 174
173 257
174 28
174 67
174 172
174 173
175 66
175 67
175 178
176 148
176 177
177 176
177 178
178 175
178 177
178 179
178 180
179 79
179 80
179 178
180 160
180 178
180 181
181 172
181 180
182 30
182 183
182 186
183 168
183 182
183 184
184 165
184 183
184 185
185 184
185 186
185 197
186 182
186 185
186 187
186 196
186 197
187 186
187 188
188 187
188 189
188 192
189 30
189 188
189 190
189 259
190 189
190 191
190 192
190 259
191 190
191 193
191 260
192 188
192 190
192 193
192 194
193 81
193 191
193 192
194 192
194 262
194 263
195 40
195 70
195 201
195 209
195 213
196 31
196 186
196 197
196 266
197 185
197 186
197 196
198 34
198 201
198 202
198 205
198 265
199 85
199 200
199 266
200 34
200 199
200 202
201 195
201 198
201 207
201 264
202 34
202 198
202 200
202 203
203 35
203 202
203 204
204 203
204 208
205 32
205 33
205 198
205 207
205 265
206 32
206 207
206 262
206 263
206 264
207 201
207 205
207 206
207 264
208 39
208 41
208 42
208 68
208 204
208 209
209 40
209 41
209 42
209 68
209 70
209 195
209 208
210 71
210 72
210 82
210 211
211 72
211 73
211 210
211 212
212 211
212 213
212 214
212 215
212 226
213 70
213 71
213 195
213 212
214 38
214 69
214 212
214 215
215 37
215 212
215 214
215 216
215 218
216 75
216 215
217 38
217 39
217 69
218 47
218 215
218 219
219 36
219 218
219 225
219 226
219 229
220 35
220 85
220 221
221 35
221 43
221 85
221 220
221 222
222 43
222 76
222 85
222 221
223 45
223 224
223 251
223 261
224 45
224 78
224 223
224 225
224 252
224 261
225 36
225 78
225 219
225 224
225 229
226 56
226 212
226 219
226 227
226 229
227 56
227 74
227 226
227 228
228 56
228 227
228 230
229 55
229 56
229 76
229 78
229 219
229 225
229 226
230 48
230 228
230 231
231 230
231 232
231 233
232 46
232 231
233 60
233 77
233 231
233 234
233 235
233 236
234 46
234 233
234 236
234 237
235 60
235 233
235 236
235 241
235 271
236 60
236 233
236 234
236 235
236 237
237 234
237 236
237 243
238 44
238 58
238 84
238 239
238 241
238 272
239 238
239 240
240 45
240 58
240 78
240 239
241 58
241 235
241 238
241 242
242 84
242 241
242 271
242 272
243 237
243 271
244 59
244 245
244 248
245 59
245 244
245 247
245 249
246 52
246 53
246 61
246 248
246 249
247 245
247 249
247 250
248 61
248 62
248 77
248 244
248 246
248 249
249 245
249 246
249 247
249 248
250 247
250 254
250 255
251 76
251 223
251 252
252 224
252 251
253 52
253 53
253 55
253 57
253 254
253 255
254 52
254 250
254 253
254 255
255 250
255 253
255 254
256 29
256 64
256 259
257 64
257 65
257 173
257 258
258 257
258 259
258 260
259 189
259 190
259 256
259 258
260 66
260 191
260 258
261 44
261 45
261 223
261 224
262 194
262 206
263 194
263 206
263 264
264 201
264 206
264 207
264 263
265 31
265 34
265 198
265 205
266 196
266 199
267 16
267 134
267 138
267 140
268 96
268 97
269 24
269 142
269 143
269 160
270 131
271 235
271 242
271 243
272 84
272 238
272 242
